800 1000 100 300 25 25000
395 43 296 955 244 3620 0
734 467 300 833 21919 23595 0
473 815 21 810 24428 24959 0
210 150 387 12 12646 13491 0
314 563 141 419 2744 3381 0
237 432 151 805 16506 17940 0
264 491 445 767 14518 16078 0
219 215 154 449 2806 3698 1
508 681 180 701 2744 3179 1
460 585 320 715 23246 23518 0
732 600 101 985 15613 19024 1
790 935 686 121 12617 14630 1
761 85 111 567 18517 21011 0
126 185 470 739 4056 5036 0
31 325 197 802 11368 12202 0
190 614 588 972 5453 7904 1
493 783 48 358 16842 18899 0
648 494 602 487 20154 20301 0
108 973 280 646 6209 7780 0
81 766 536 544 7102 7835 0
547 716 490 315 17725 18263 0
498 128 223 589 8084 9741 1
593 508 380 466 13853 14535 0
368 900 100 744 13935 15080 0
219 277 244 256 3766 3905 0
292 766 393 28 15583 17315 1
621 39 399 117 12206 13006 0
62 406 534 169 12669 14289 0
550 693 454 379 10197 11611 0
650 286 462 484 9773 10980 0
275 87 499 257 20394 21549 1
637 404 390 535 18038 18766 1
358 834 26 616 9309 9864 0
434 885 25 81 406 2463 1
582 461 523 322 1222 1479 0
277 50 126 571 17390 18095 0
623 425 588 906 288 1239 0
265 761 98 375 21876 22583 0
636 557 796 628 6689 7339 0
557 123 345 598 8835 10642 0
456 621 283 914 10505 11177 0
673 589 663 974 1456 2487 1
765 854 558 344 15115 16592 0
400 309 6 829 19651 20630 0
427 128 295 372 7285 7802 0
111 316 88 590 17142 17676 1
673 871 682 822 22175 22290 0
649 946 515 598 21159 21894 0
641 663 50 392 14356 16679 1
614 915 467 258 22780 23941 1
118 755 666 938 11562 14039 0
552 276 610 72 18433 18943 0
584 384 416 309 23305 23636 0
541 897 524 912 8980 9035 1
280 980 684 506 1111 2172 0
188 447 264 678 18764 19808 0
558 342 663 278 6098 6562 0
463 857 280 590 7076 8214 0
23 441 207 732 4790 5727 0
216 217 681 811 18975 21243 0
468 106 480 624 6876 8210 0
311 37 382 460 13163 14513 0
85 547 533 747 3861 4698 1
335 892 718 421 6743 8651 1
556 242 676 208 11440 11771 0
432 467 693 143 462 1451 1
582 50 560 74 19931 20019 0
248 313 16 861 19026 19938 0
188 405 689 968 11576 13755 0
700 123 650 627 22069 22989 1
495 283 214 702 15754 16472 0
235 572 442 955 19618 21544 0
185 523 83 201 2507 3375 0
474 470 791 895 13658 15396 1
328 636 94 215 6024 7292 0
67 382 524 997 2313 4668 0
525 464 476 849 15084 16161 0
462 543 333 827 23266 23929 0
154 461 673 430 18289 20212 1
474 621 723 872 7652 9283 0
530 416 189 909 2477 3621 0
382 819 524 475 16592 17089 1
258 224 155 726 11556 13248 0
753 836 51 812 16253 17539 0
310 667 619 598 22833 24007 0
176 699 774 428 1349 4194 0
365 600 264 566 12706 12908 0
198 840 478 635 1451 2410 0
661 793 411 951 2123 3229 0
686 808 640 37 12952 15278 1
667 211 519 12 15402 16367 1
540 111 634 504 8592 9727 0
482 285 519 899 4551 5248 1
290 20 274 198 15643 16268 1
253 706 698 330 22175 23962 0
311 1 191 859 4743 6124 1
415 844 72 250 8788 10839 1
378 775 546 379 21476 22505 0
471 167 741 819 16795 19208 0
61 690 55 586 1663 1958 0
449 270 634 260 20096 20380 0
102 526 653 936 15482 17709 0
703 709 139 701 10104 11341 1
247 549 29 56 2349 3712 0
654 147 732 939 19037 20634 0
310 163 799 285 6113 7059 0
189 610 630 71 18380 20760 0
239 321 416 849 6015 6728 0
96 421 46 27 1262 2131 0
253 282 343 514 13544 13989 0
489 518 332 323 1998 2379 1
176 758 638 250 12027 14412 0
255 715 625 28 17210 20620 0
81 273 645 290 8303 8930 0
337 820 59 115 14104 15327 0
266 303 201 251 18699 18915 0
491 915 363 285 632 2642 0
170 942 236 754 13359 14226 0
497 303 398 239 16330 16838 1
588 216 166 751 15964 17696 0
720 37 449 146 20416 21364 0
319 195 128 970 11013 13484 0
601 45 694 52 11527 11642 0
296 47 137 570 22183 23150 0
81 653 220 317 16913 17823 0
748 156 137 186 6792 7577 0
203 822 547 269 20606 22043 0
243 102 507 792 3941 5654 0
319 456 229 159 9979 10834 0
559 126 447 404 7570 8933 0
379 411 648 412 24453 24952 0
611 950 405 339 15963 17940 0
127 253 521 295 24005 24851 1
103 553 333 935 3777 5260 0
750 114 668 304 3059 3629 1
496 532 99 956 22048 22970 1
423 12 182 287 4323 6027 0
789 421 463 561 5017 6337 0
700 775 180 863 16395 18092 0
148 374 546 448 16900 17773 0
98 353 477 757 14323 15842 1
635 751 53 218 18963 21150 0
238 612 138 28 19493 20431 1
587 566 259 987 21754 22785 1
393 624 655 886 6056 6633 1
64 691 542 750 19184 20394 0
481 80 378 665 10777 13072 0
500 484 326 286 14589 15685 0
72 536 672 404 2985 5259 0
266 66 30 370 23621 24333 0
610 690 448 236 5882 6523 0
335 910 672 443 23564 24999 1
480 43 392 959 18758 20533 0
291 444 88 53 22862 23808 1
625 46 444 685 19799 22222 1
638 730 598 46 18829 21212 0
511 139 157 902 6841 9888 0
54 709 389 839 11603 12878 0
287 484 750 436 12176 13120 1
613 505 257 253 3385 4966 0
426 438 603 886 13336 15449 0
176 19 653 427 3866 4911 0
784 431 379 158 3227 5074 0
74 501 41 936 13169 14788 0
148 585 157 112 1613 2595 1
191 916 425 839 24432 24833 1
795 571 743 528 8766 9010 1
502 138 42 160 228 1244 0
581 167 737 6 830 1390 0
759 628 584 714 23842 24583 0
357 20 505 713 12905 14204 0
82 543 402 386 6281 6969 0
468 170 393 237 10469 10633 0
104 452 295 268 23203 24477 1
362 356 187 802 9443 11604 0
332 100 322 292 24411 24709 1
110 606 565 611 19681 21028 0
234 186 599 472 13261 14763 1
532 820 600 311 22519 23278 0
624 916 777 613 450 1603 1
558 292 107 920 330 2387 0
434 910 764 227 17238 18466 1
194 336 445 462 18980 20119 0
528 267 653 319 24444 24925 0
131 923 111 568 1566 2286 1
443 921 201 149 11243 12322 1
291 207 569 278 21342 21845 0
605 616 578 831 6412 7193 0
590 695 588 238 8811 10121 1
223 406 165 869 22383 23597 1
442 623 797 305 14755 15537 1
524 323 593 202 13004 13612 0
385 37 394 416 19327 20364 0
123 156 298 128 5307 5573 0
56 683 445 713 21986 22412 0
274 742 563 848 13790 14236 0
34 371 662 736 17910 21172 0
687 641 161 802 13581 14830 0
165 591 14 948 7116 7677 0
681 206 756 220 17523 17742 0
358 643 766 704 6967 8435 0
348 7 232 841 16171 18759 0
152 641 422 394 11222 12106 0
394 514 81 89 3594 5285 1
631 440 210 132 10541 12574 0
261 817 781 455 17031 19919 0
155 104 256 845 20747 23566 0
689 105 539 684 12475 14107 0
47 726 5 42 22465 24939 0
47 173 657 151 12476 13716 0
73 600 470 606 3816 4433 0
317 679 306 903 23546 24305 0
764 965 106 660 1771 4080 0
705 938 38 142 7150 10756 0
528 3 709 629 9780 12366 0
77 359 235 3 20099 21294 0
666 188 504 995 208 2340 0
517 426 689 891 10652 12301 0
80 559 237 969 5589 6847 1
677 424 140 795 17379 18358 0
317 840 328 492 4380 4759 1
518 656 201 494 186 712 0
378 301 367 274 11197 11268 0
584 827 235 406 17966 20618 1
229 110 178 821 8434 10373 1
305 985 471 874 5985 6773 0
498 934 494 196 8041 9245 0
316 274 787 308 5261 6548 0
200 3 212 615 19915 21624 0
405 734 181 765 21645 22247 1
78 559 207 429 9314 9991 1
73 801 159 839 21238 21389 0
684 642 427 476 8629 9198 1
324 207 432 878 21551 23406 0
662 421 314 445 281 656 1
506 215 254 27 15739 16744 1
426 564 793 337 12562 13647 0
144 703 519 468 13832 15642 0
323 264 567 428 17801 18318 0
92 949 494 860 10996 12406 0
365 480 606 828 21894 23213 0
367 597 298 4 10403 12129 0
544 27 50 758 18105 20470 1
187 940 705 485 12443 13461 0
657 187 799 894 10418 12122 0
727 896 348 523 7740 9361 1
268 768 376 617 3434 4340 0
424 969 700 870 23612 24299 1
6 455 131 145 17131 18161 0
227 816 658 454 1639 4215 0
182 183 600 283 18134 18995 1
534 379 563 43 20940 21378 0
171 247 177 833 20010 20869 0
461 731 626 680 12980 13727 1
481 487 452 191 11746 12251 0
345 370 559 458 17768 18276 0
212 48 83 988 20656 22952 0
787 556 533 18 23346 24893 1
766 849 142 568 12736 13809 0
70 960 521 212 3311 5812 0
517 208 599 956 4124 6414 0
115 955 198 643 6861 7483 0
245 963 300 523 21132 22726 0
87 827 77 946 6638 7001 0
757 681 714 387 18373 18879 0
495 147 33 768 17861 20391 1
125 217 373 584 18068 19897 0
484 871 376 848 7160 7457 0
557 342 412 325 12386 12833 0
618 558 373 771 14644 15166 0
416 812 386 824 21993 22127 1
715 879 347 44 11544 14794 0
583 59 384 785 21677 23582 0
426 66 420 751 5697 7490 1
505 566 462 286 24060 24865 0
586 708 407 878 1409 2365 0
591 639 361 143 4166 5710 0
597 94 414 473 9045 10227 1
310 10 183 153 22991 23751 1
224 842 511 752 21285 22475 1
774 580 750 449 19730 20195 1
20 131 10 783 9134 10135 0
695 831 187 311 9634 13086 1
400 136 569 558 15534 16941 0
250 700 775 980 10030 10984 0
595 862 798 67 5978 8121 0
269 492 252 561 3412 3577 1
511 975 61 830 16361 17811 0
432 268 46 910 20167 21514 0
768 283 770 992 18656 19419 0
285 20 605 565 5193 8091 0
402 665 534 695 17202 17416 0
635 475 512 992 18217 19244 1
264 906 722 289 22325 23566 1
91 482 772 430 2956 4966 1
561 555 125 269 11932 13489 1
3 203 346 877 721 3756 1
606 724 154 616 20196 21068 0
463 972 343 532 13263 14196 0
71 674 33 713 3467 3562 0
1 0 0 1 0 0 0 0 0 0 0 0 0 0 1 0 0 1 0 0 1 0 0 1 0 0 0 0 0 0 0 0 0 0 0 1 0 1 1 0 0 1 0 1 1 0 0 0 1 0 1 0 0 1 0 0 0 1 0 0 1 1 1 0 0 1 0 0 0 1 1 0 1 0 0 0 0 0 0 0 0 0 1 0 0 1 0 0 1 1 0 0 0 0 1 0 0 1 0 0
